Code BBUSD1M BBUSD2M BBUSD3M BBUSD4M BBUSD5M BBUSD6M BBUSD7M BBUSD8M BBUSD9M BBUSD10 BBUSD11 BBUSD12
Currency U$ U$ U$ U$ U$ U$ U$ U$ U$ U$ U$ U$
31-01-86 8.06250 8.06250 8.06250 8.06250 8.09375 8.12500 8.12500 8.12500 8.18750 8.18750 8.25000 8.25000
28-02-86 7.93750 7.93750 7.87500 7.87500 7.87500 7.87500 7.87500 7.87500 7.87500 7.93750 7.93750 7.93750
31-03-86 7.50000 7.50000 7.43750 7.43750 7.43750 7.43750 7.43750 7.43750 7.43750 7.43750 7.43750 7.43750
30-04-86 6.93750 6.93750 6.87500 6.87500 6.87500 6.87500 6.87500 6.87500 6.93750 6.93750 6.93750 6.93750
30-05-86 7.12500 7.12500 7.12500 7.12500 7.18750 7.18750 7.18750 7.25000 7.31250 7.31250 7.37500 7.37500
30-06-86 7.03125 6.93750 6.87500 6.87500 6.87500 6.87500 6.87500 6.87500 6.93750 6.93750 6.93750 6.93750
31-07-86 6.56250 6.56250 6.56250 6.56250 6.56250 6.56250 6.56250 6.56250 6.62500 6.62500 6.64063 6.68750
29-08-86 5.93750 5.87500 5.81250 5.75000 5.75000 5.75000 5.75000 5.78125 5.81250 5.81250 5.81250 5.87500
30-09-86 6.12500 6.12500 6.12500 6.12500 6.12500 6.12500 6.18750 6.18750 6.25000 6.25000 6.31250 6.31250
31-10-86 5.93750 5.93750 5.93750 5.93750 5.93750 5.93750 5.93750 5.93750 6.00000 6.00000 6.00000 6.04688
28-11-86 6.37500 6.18750 6.12500 6.07813 6.06250 6.06250 6.06250 6.07813 6.12500 6.12500 6.12500 6.12500
31-12-86 6.75000 6.50000 6.43750 6.37500 6.32813 6.31250 6.31250 6.31250 6.31250 6.31250 6.31250 6.31250
30-01-87 6.20313 6.25000 6.25000 6.23438 6.23438 6.23438 6.25000 6.25000 6.25000 6.25000 6.25000 6.25000
27-02-87 6.46875 6.43750 6.43750 6.43750 6.43750 6.43750 6.43750 6.43750 6.50000 6.50000 6.50000 6.56250
31-03-87 6.57813 6.62500 6.68750 6.68750 6.68750 6.68750 6.68750 6.68750 6.75000 6.75000 6.81250 6.81250
30-04-87 6.81250 7.00000 7.12500 7.25000 7.31250 7.37500 7.43750 7.56250 7.62500 7.68750 7.75000 7.81250
29-05-87 7.18750 7.25000 7.37500 7.43750 7.56250 7.62500 7.75000 7.87500 7.93750 8.00000 8.06250 8.06250
30-06-87 7.06250 7.12500 7.18750 7.25000 7.31250 7.37500 7.43750 7.50000 7.56250 7.62500 7.68750 7.75000
31-07-87 6.75000 6.93750 7.00000 7.06250 7.18750 7.25000 7.31250 7.37500 7.43750 7.50000 7.62500 7.68750
31-08-87 7.12500 7.15625 7.18750 7.34375 7.40625 7.43750 7.54688 7.62500 7.68750 7.76563 7.87500 7.93750
30-09-87 7.75000 7.87500 8.37500 8.37500 8.43750 8.50000 8.60938 8.73438 8.81250 8.87500 8.93750 9.00000
30-10-87 7.12500 7.62500 7.62500 7.62500 7.62500 7.62500 7.68750 7.75000 7.81250 7.87500 7.93750 8.00000
30-11-87 8.18750 8.06250 8.00000 8.00000 8.00000 8.06250 8.12500 8.17188 8.18750 8.25000 8.25000 8.31250
31-12-87 7.12500 7.31250 7.43750 7.43750 7.50000 8.06250 7.56250 7.62500 7.68750 7.75000 7.81250 7.87500
29-01-88 6.81250 6.87500 6.93750 6.93750 7.00000 7.01563 7.07813 7.15625 7.18750 7.25000 7.31250 7.37500
29-02-88 6.81250 6.81250 6.81250 6.87500 6.93750 6.93750 7.00000 7.06250 7.12500 7.18750 7.18750 7.25000
31-03-88 6.79688 6.85938 6.90625 7.00000 7.06250 7.12500 7.18750 7.25000 7.37500 7.43750 7.50000 7.56250
29-04-88 7.12500 7.25000 7.31250 7.37500 7.50000 7.56250 7.62500 7.75000 7.81250 7.87500 7.93750 8.00000
31-05-88 7.62500 7.68750 7.75000 7.87500 7.93750 8.00000 8.15625 8.25000 8.31250 8.37500 8.43750 8.50000
30-06-88 7.81250 7.87500 7.93750 7.93750 7.93750 8.06250 8.12500 8.12500 8.18750 8.25000 8.31250 8.37500
29-07-88 8.12500 8.37500 8.43750 8.50000 8.62500 8.68750 8.68750 8.75000 8.75000 8.81250 8.81250 8.87500
31-08-88 8.37500 8.50000 8.56250 8.87500 8.93750 8.93750 9.00000 9.00000 9.06250 9.12500 9.12500 9.18750
30-09-88 8.31250 8.37500 8.62500 8.68750 8.75000 8.75000 8.75000 8.81250 8.81250 8.87500 8.93750 8.93750
31-10-88 8.37500 8.62500 8.62500 8.62500 8.62500 8.62500 8.67188 8.68750 8.68750 8.71875 8.75000 8.75000
30-11-88 9.56250 9.37500 9.31250 9.31250 9.31250 9.31250 9.31250 9.31250 9.31250 9.35938 9.37500 9.37500
30-12-88 9.18750 9.25000 9.31250 9.37500 9.43750 9.43750 9.43750 9.50000 9.50000 9.56250 9.56250 9.62500
31-01-89 9.25000 9.31250 9.37500 9.43750 9.50000 9.50000 9.56250 9.56250 9.62500 9.62500 9.68750 9.75000
28-02-89 10.06250 10.18750 10.31250 10.37500 10.43750 10.50000 10.56250 10.57813 10.62500 10.62500 10.68750 10.75000
31-03-89 10.06250 10.25000 10.31250 10.43750 10.56250 10.68750 10.75000 10.81250 10.93750 10.93750 11.00000 11.06250
28-04-89 9.87500 9.87500 9.93750 9.93750 9.93750 9.93750 10.00000 10.00000 10.06250 10.06250 10.07813 10.12500
31-05-89 9.68750 9.62500 9.56250 9.56250 9.50000 9.50000 9.50000 9.50000 9.50000 9.50000 9.50000 9.50000
30-06-89 9.43750 9.37500 9.31250 9.18750 9.12500 9.12500 9.07813 9.06250 9.06250 9.06250 9.00000 9.00000
31-07-89 8.68750 8.62500 8.56250 8.43750 8.43750 8.37500 8.34375 8.31250 8.31250 8.29688 8.25000 8.25000
31-08-89 9.00000 9.00000 9.00000 9.00000 9.00000 9.00000 9.00000 8.93750 8.93750 8.93750 8.93750 8.93750
29-09-89 9.12500 9.12500 9.18750 9.12500 9.12500 9.12500 9.06250 9.06250 9.06250 9.06250 9.06250 9.06250
31-10-89 8.75000 8.81250 8.68750 8.62500 8.56250 8.50000 8.43750 8.43750 8.43750 8.43750 8.43750 8.43750
30-11-89 8.81250 8.56250 8.50000 8.43750 8.37500 8.31250 8.26563 8.25000 8.25000 8.25000 8.25000 8.25000
29-12-89 8.50000 8.43750 8.37500 8.37500 8.31250 8.31250 8.25000 8.25000 8.25000 8.25000 8.25000 8.25000
31-01-90 8.31250 8.37500 8.37500 8.43750 8.43750 8.43750 8.50000 8.50000 8.56250 8.56250 8.62500 8.68750
28-02-90 8.37500 8.37500 8.37500 8.37500 8.43750 8.43750 8.50000 8.56250 8.56250 8.62500 8.68750 8.68750
30-03-90 8.37500 8.43750 8.50000 8.56250 8.62500 8.68750 8.75000 8.75000 8.81250 8.87500 8.87500 8.93750
30-04-90 8.50000 8.62500 8.68750 8.75000 8.81250 8.87500 8.93750 9.04688 9.12500 9.18750 9.18750 9.25000
31-05-90 8.31250 8.37500 8.37500 8.43750 8.50000 8.50000 8.56250 8.56250 8.62500 8.62500 8.68750 8.75000
29-06-90 8.31250 8.31250 8.37500 8.37500 8.37500 8.37500 8.43750 8.43750 8.43750 8.43750 8.43750 8.43750
31-07-90 8.00000 8.00000 7.98438 7.98438 7.98438 7.98438 7.98438 7.98438 8.00000 8.00000 8.00000 8.00000
31-08-90 8.06250 8.06250 8.06250 8.12500 8.12500 8.12500 8.18750 8.18750 8.18750 8.25000 8.25000 8.25000
28-09-90 8.26563 8.31250 8.31250 8.31250 8.31250 8.31250 8.31250 8.31250 8.37500 8.37500 8.42188 8.43750
31-10-90 7.93750 8.06250 8.06250 8.06250 8.06250 8.06250 8.06250 8.06250 8.06250 8.07813 8.09375 8.12500
30-11-90 8.62500 8.37500 8.31250 8.25000 8.18750 8.12500 8.06250 8.06250 8.00000 8.00000 8.00000 8.00000
31-12-90 7.62500 7.62500 7.57813 7.56250 7.56250 7.56250 7.56250 7.56250 7.56250 7.56250 7.56250 7.56250
31-01-91 6.93750 7.12500 7.06250 7.06250 7.06250 7.06250 7.12500 7.12500 7.12500 7.18750 7.21875 7.25000
28-02-91 7.00000 6.87500 6.87500 6.87500 6.87500 6.87500 6.87500 6.87500 6.93750 6.98438 7.00000 7.06250
29-03-91 6.31250 6.37500 6.37500 6.43750 6.50000 6.56250 6.62500 6.68750 6.81250 6.87500 6.93750 7.00000
30-04-91 6.06250 6.12500 6.18750 6.25000 6.31250 6.31250 6.37500 6.50000 6.56250 6.62500 6.68750 6.75000
31-05-91 5.93750 6.00000 6.06250 6.06250 6.12500 6.18750 6.31250 6.37500 6.43750 6.50000 6.56250 6.62500
28-06-91 6.06250 6.12500 6.18750 6.31250 6.37500 6.56250 6.62500 6.68750 6.75000 6.81250 6.92188 7.00000
31-07-91 5.93750 6.00781 6.06250 6.12500 6.31250 6.31250 6.37500 6.42188 6.43750 6.50000 6.56250 6.62500
30-08-91 5.68750 5.68750 5.68750 5.81250 5.81250 5.81250 5.85938 5.87500 5.87500 5.93750 5.93750 6.00000
30-09-91 5.43750 5.43750 5.62500 5.62500 5.62500 5.62500 5.68750 5.68750 5.68750 5.74219 5.75000 5.75000
31-10-91 5.12500 5.37500 5.25000 5.25000 5.25000 5.25000 5.25000 5.28125 5.31250 5.31250 5.37500 5.37500
29-11-91 5.18750 5.06250 5.00000 4.93750 4.93750 4.93750 4.93750 4.93750 4.93750 5.00000 5.00000 5.00000
31-12-91 4.31250 4.25000 4.25000 4.25000 4.23438 4.23438 4.25000 4.25000 4.25000 4.25000 4.28125 4.31250
31-01-92 4.18750 4.18750 4.18750 4.25000 4.25000 4.31250 4.31250 4.37500 4.43750 4.50000 4.58594 4.68750
28-02-92 4.25000 4.25000 4.25000 4.25000 4.31250 4.37500 4.43750 4.43750 4.50000 4.62500 4.68750 4.75000
31-03-92 4.25000 4.31250 4.36719 4.42969 4.50000 4.50781 4.61719 4.68750 4.81250 4.93750 5.00000 5.06250
30-04-92 3.93750 4.00000 4.06250 4.12500 4.18750 4.25000 4.31250 4.43750 4.50000 4.56250 4.66406 4.75000
29-05-92 4.00000 4.00000 4.06250 4.12500 4.17188 4.18750 4.31250 4.37500 4.43750 4.53125 4.59375 4.68750
30-06-92 3.93750 3.93750 3.93750 4.00000 4.00000 4.06250 4.12500 4.12500 4.18750 4.25000 4.25000 4.31250
31-07-92 3.37500 3.43750 3.43750 3.50000 3.62500 3.62500 3.62500 3.68750 3.68750 3.74219 3.75000 3.81250
31-08-92 3.48438 3.50000 3.50000 3.62500 3.62500 3.62500 3.63281 3.67969 3.68750 3.68750 3.75000 3.75000
30-09-92 3.18750 3.18750 3.26563 3.25781 3.26563 3.26563 3.31250 3.31250 3.31250 3.35156 3.37500 3.37500
30-10-92 3.25000 3.57813 3.56250 3.56250 3.56250 3.56250 3.60156 3.62500 3.68750 3.75000 3.81250 3.87500
30-11-92 4.25000 4.00000 4.00000 4.00000 4.00000 4.00000 4.06250 4.06250 4.12500 4.18750 4.25000 4.31250
31-12-92 3.31250 3.37500 3.43750 3.50000 3.56250 3.62500 3.68750 3.75000 3.81250 3.87500 3.99219 4.06250
29-01-93 3.12500 3.18750 3.25000 3.26563 3.31250 3.36719 3.37500 3.43750 3.43750 3.50000 3.62500 3.68750
26-02-93 3.18750 3.18750 3.21094 3.25000 3.31250 3.31250 3.37500 3.39063 3.43750 3.50000 3.56250 3.62500
31-03-93 3.18750 3.22656 3.25000 3.28125 3.31250 3.37500 3.39063 3.43750 3.50000 3.51563 3.56250 3.62500
30-04-93 3.12500 3.18750 3.18750 3.25000 3.25000 3.31250 3.31250 3.37500 3.37500 3.43750 3.43750 3.50000
31-05-93 3.25000 3.31250 3.37500 3.40625 3.43750 3.50000 3.56250 3.62500 3.68750 3.75000 3.81250 3.87500
30-06-93 3.18750 3.25000 3.31250 3.37500 3.43750 3.50781 3.56250 3.58594 3.62500 3.68750 3.68750 3.75000
30-07-93 3.18750 3.25000 3.31250 3.31250 3.50000 3.50000 3.56250 3.56250 3.62500 3.68750 3.68750 3.75000
31-08-93 3.18750 3.25000 3.25000 3.42969 3.43750 3.43750 3.43750 3.44531 3.50000 3.50000 3.56250 3.56250
30-09-93 3.18750 3.18750 3.37500 3.37500 3.37500 3.37500 3.43750 3.43750 3.50000 3.50000 3.51563 3.56250
29-10-93 3.18750 3.43750 3.43750 3.43750 3.43750 3.43750 3.50000 3.50000 3.56250 3.56250 3.62500 3.62500
30-11-93 3.56250 3.50000 3.50000 3.50000 3.50000 3.50000 3.56250 3.60938 3.62500 3.68750 3.75000 3.81250
31-12-93 3.25000 3.31250 3.37500 3.37500 3.43750 3.50000 3.53906 3.56250 3.62500 3.68750 3.75000 3.81250
31-01-94 3.12500 3.18750 3.25000 3.25000 3.31250 3.37500 3.43750 3.46094 3.50000 3.56250 3.62500 3.68750
28-02-94 3.56250 3.68750 3.75000 3.87500 3.93750 4.00000 4.06250 4.07031 4.12500 4.18750 4.25000 4.31250
31-03-94 3.68750 3.81250 3.93750 4.06250 4.18750 4.25000 4.31250 4.37500 4.50000 4.56250 4.63281 4.75000
29-04-94 4.00000 4.18750 4.31250 4.43750 4.57031 4.68750 4.81250 4.97656 5.06250 5.18750 5.25000 5.31250
31-05-94 4.37500 4.50000 4.62500 4.75000 4.87500 5.00000 5.15625 5.25000 5.31250 5.43750 5.50000 5.56250
30-06-94 4.56250 4.75000 4.87500 4.96875 5.09375 5.25000 5.33594 5.45313 5.56250 5.67188 5.75000 5.81250
29-07-94 4.50000 4.75000 4.87500 5.00000 5.25000 5.31250 5.37500 5.50000 5.56250 5.66406 5.75000 5.81250
31-08-94 4.87500 4.93750 5.00000 5.18750 5.25000 5.31250 5.41406 5.50000 5.56250 5.68750 5.75000 5.81250
30-09-94 5.05469 5.18750 5.50000 5.57031 5.68750 5.75000 5.81250 5.92188 6.00000 6.12500 6.18750 6.31250
31-10-94 5.06250 5.56250 5.62500 5.68750 5.81250 5.93750 6.00000 6.12500 6.22656 6.31250 6.43750 6.50000
30-11-94 6.06250 6.06250 6.18750 6.31250 6.43750 6.56250 6.68750 6.81250 6.93750 7.06250 7.16406 7.25000
30-12-94 6.00000 6.25000 6.50000 6.68750 6.81250 7.00000 7.12500 7.25000 7.37500 7.50000 7.62500 7.75000
31-01-95 6.09375 6.18750 6.31250 6.43750 6.56250 6.68750 6.78125 6.87500 6.93750 7.06250 7.18750 7.25000
28-02-95 6.12500 6.18750 6.25000 6.31250 6.37500 6.43750 6.43750 6.50000 6.56250 6.62500 6.68750 6.75000
31-03-95 6.12500 6.18750 6.25000 6.31250 6.40625 6.50000 6.53125 6.56250 6.62500 6.68750 6.75000 6.81250
28-04-95 6.06250 6.12500 6.18750 6.25000 6.31250 6.37500 6.42969 6.48438 6.50000 6.53906 6.56250 6.62500
31-05-95 6.06250 6.06250 6.06250 6.06250 6.06250 6.00000 6.00000 6.00000 6.00000 6.00000 6.00000 6.00000
30-06-95 6.12500 6.06250 6.05859 6.00000 5.99609 5.99609 5.99219 5.98828 5.98438 5.98438 5.98438 5.98438
31-07-95 5.87500 5.87500 5.87500 5.87500 5.87500 5.87500 5.87500 5.87500 5.87500 5.87500 5.92188 5.93750
31-08-95 5.87500 5.87500 5.88281 5.90625 5.90625 5.90625 5.90625 5.91016 5.91406 5.92969 5.93750 5.93750
29-09-95 5.87500 5.87891 5.95313 5.94141 5.94141 5.94531 5.94531 5.94531 5.95703 5.98438 5.98438 6.00000
31-10-95 5.83203 5.94141 5.93750 5.87500 5.87500 5.87500 5.87500 5.86719 5.81250 5.81250 5.81250 5.81250
30-11-95 5.97656 5.91016 5.87500 5.81250 5.75000 5.68750 5.68750 5.64453 5.62500 5.62500 5.62500 5.62500
29-12-95 5.68750 5.62500 5.62500 5.57031 5.55078 5.50781 5.50000 5.48438 5.43750 5.42969 5.42578 5.42578
31-01-96 5.43750 5.39844 5.37500 5.33594 5.31250 5.26563 5.25000 5.20703 5.18750 5.18359 5.14063 5.12500
29-02-96 5.31250 5.31250 5.30469 5.29688 5.29688 5.29688 5.30078 5.30469 5.31250 5.31250 5.31250 5.31250
29-03-96 5.43750 5.43750 5.47266 5.47266 5.48047 5.50000 5.56250 5.56250 5.62500 5.67578 5.68750 5.72266
30-04-96 5.43750 5.46875 5.48438 5.50000 5.51172 5.56250 5.58984 5.64453 5.68750 5.71484 5.75391 5.81250
31-05-96 5.43750 5.46484 5.50000 5.56250 5.58984 5.63281 5.69531 5.75000 5.81250 5.87500 5.93750 6.00000
28-06-96 5.49609 5.51953 5.58203 5.64453 5.69922 5.78906 5.81641 5.87500 5.93750 6.00000 6.06250 6.12500
31-07-96 5.46484 5.58594 5.67578 5.72656 5.81250 5.88281 5.93750 6.00000 6.03516 6.09766 6.15625 6.21875
30-08-96 5.43750 5.50000 5.56250 5.68359 5.71484 5.77344 5.82813 5.87500 5.93750 6.00000 6.05859 6.09766
30-09-96 5.43359 5.49609 5.62500 5.65625 5.68750 5.73438 5.75000 5.81250 5.84766 5.89453 5.94531 5.98828
31-10-96 5.37500 5.50000 5.50000 5.53125 5.54297 5.56641 5.60156 5.62891 5.66046 5.68750 5.72266 5.75000
29-11-96 5.56250 5.50000 5.50000 5.50000 5.53125 5.54297 5.56250 5.58984 5.59766 5.62500 5.65625 5.68750
31-12-96 5.50000 5.52734 5.56250 5.56250 5.56250 5.60156 5.62500 5.66406 5.68750 5.73047 5.75000 5.78906
31-01-97 5.43750 5.50000 5.56250 5.60156 5.62891 5.68750 5.73047 5.75000 5.78906 5.81641 5.87891 5.93750
28-02-97 5.43750 5.47656 5.53906 5.57813 5.62500 5.68750 5.75000 5.78125 5.81250 5.87500 5.93750 5.96875
31-03-97 5.68750 5.72266 5.77344 5.82031 5.87891 5.93750 6.00000 6.05469 6.12500 6.18750 6.21875 6.27344
30-04-97 5.68750 5.75000 5.81641 5.87500 5.93750 6.00000 6.05859 6.12109 6.15625 6.19922 6.25781 6.31250
30-05-97 5.68750 5.75000 5.81250 5.87500 5.93750 6.00000 6.05078 6.09375 6.12500 6.18750 6.21875 6.25781
30-06-97 5.68750 5.71875 5.78125 5.81250 5.84375 5.90625 5.93750 5.96875 6.00000 6.03516 6.06250 6.12500
31-07-97 5.62500 5.65625 5.70703 5.73828 5.78125 5.80078 5.81250 5.83984 5.84375 5.87500 5.90625 5.93750
29-08-97 5.65625 5.68750 5.71875 5.78125 5.81250 5.84375 5.87500 5.90625 5.93750 5.96875 6.00000 6.03125
30-09-97 5.65625 5.68750 5.76953 5.78125 5.81250 5.84375 5.85547 5.87500 5.90625 5.93750 5.96875 6.00000
31-10-97 5.64844 5.75000 5.75000 5.75000 5.78125 5.78516 5.81250 5.82813 5.84375 5.86328 5.89453 5.91797
28-11-97 5.96875 5.90234 5.90234 5.90625 5.91016 5.91406 5.93750 5.94141 5.95313 5.96875 5.98047 6.01172
31-12-97 5.71875 5.75391 5.81250 5.81250 5.81250 5.84375 5.85547 5.87500 5.90625 5.91797 5.93750 5.96875
30-01-98 5.59766 5.61328 5.62500 5.62500 5.62500 5.62500 5.62500 5.62500 5.62500 5.62891 5.64063 5.65625
27-02-98 5.68750 5.66797 5.67969 5.68750 5.68750 5.69531 5.71875 5.71875 5.74609 5.75781 5.78125 5.79297
31-03-98 5.68750 5.68750 5.71094 5.71875 5.73438 5.75000 5.76953 5.78906 5.81641 5.84375 5.87109 5.89063
30-04-98 5.65625 5.68750 5.71875 5.75000 5.78125 5.81250 5.84375 5.87109 5.87891 5.92188 5.93750 5.99219
29-05-98 5.65625 5.68750 5.68750 5.71875 5.75000 5.75000 5.78125 5.78516 5.81250 5.83984 5.84375 5.87500
30-06-98 5.66016 5.68750 5.71875 5.71875 5.75000 5.78125 5.78125 5.78125 5.81250 5.81250 5.82031 5.84375
31-07-98 5.65625 5.68750 5.68750 5.71875 5.74609 5.75000 5.75000 5.77344 5.78125 5.78516 5.81250 5.82422
31-08-98 5.64453 5.64453 5.62500 5.62500 5.59375 5.59375 5.58984 5.56250 5.56250 5.53906 5.53125 5.53125
30-09-98 5.37500 5.34375 5.31250 5.28125 5.25000 5.24609 5.19922 5.17969 5.12500 5.09766 5.08594 5.06250
30-10-98 5.23875 5.28579 5.21953 5.11813 5.04625 4.97859 4.93719 4.88688 4.84516 4.80875 4.78203 4.75125
30-11-98 5.62063 5.37313 5.28266 5.24219 5.17703 5.14766 5.13125 5.12688 5.12563 5.12563 5.12563 5.12563
31-12-98 5.06406 5.06563 5.06563 5.06563 5.06563 5.06563 5.06688 5.06688 5.06813 5.07688 5.07938 5.09844
29-01-99 4.93906 4.96578 4.96953 4.96953 4.96969 4.97094 4.97359 4.97734 4.99875 5.00250 5.05281 5.05813
