    YEAR   MONTH   NMATS    NOBS      SE     TAX
   0.000   0.083   0.167   0.250   0.333   0.417   0.500   0.583   0.667
   0.750   0.833   0.917   1.000   1.083   1.167   1.250   1.333   1.417
   1.500   1.750   2.000   2.500   3.000   4.000   5.000   6.000   7.000
   8.000   9.000  10.000  11.000  12.000  13.000  14.000  15.000  16.000
  17.000  18.000  19.000  20.000  21.000  22.000  23.000  24.000  25.000
  26.000  27.000  28.000  29.000  30.000  31.000  32.000  33.000  34.000
  35.000  40.000
1985.000   8.000  49.000 181.000   5.747   0.130
   7.360   7.242   7.212   7.271   7.372   7.469   7.546   7.609   7.670
   7.734   7.808   7.890   7.976   8.062   8.147   8.228   8.304   8.374
   8.439   8.621   8.795   9.119   9.332   9.559   9.859  10.086  10.172
  10.213  10.281  10.376  10.485  10.598  10.705  10.793  10.862  10.909
  10.933  10.935  10.914  10.869  10.802  10.714  10.609  10.490  10.362
  10.233  10.108   9.997   9.908 -88.888 -88.888 -88.888 -88.888 -88.888
 -88.888 -88.888
1985.000   9.000  49.000 181.000   5.816   0.120
   7.015   7.109   7.189   7.255   7.314   7.375   7.443   7.519   7.603
   7.696   7.799   7.907   8.015   8.118   8.213   8.298   8.370   8.430
   8.480   8.606   8.737   9.031   9.256   9.536   9.847  10.072  10.173
  10.242  10.339  10.459  10.591  10.724  10.844  10.943  11.015  11.062
  11.081  11.073  11.038  10.976  10.890  10.782  10.657  10.522  10.382
  10.246  10.125  10.027   9.966 -88.888 -88.888 -88.888 -88.888 -88.888
 -88.888 -88.888
1985.000  10.000  49.000 183.000   4.538   0.050
   6.955   7.165   7.297   7.354   7.389   7.439   7.509   7.580   7.638
   7.678   7.714   7.757   7.815   7.893   7.988   8.088   8.188   8.281
   8.361   8.508   8.579   8.759   8.998   9.223   9.534   9.875   9.976
   9.967   9.996  10.078  10.195  10.334  10.479  10.616  10.727  10.787
  10.788  10.731  10.623  10.473  10.292  10.094   9.896   9.714   9.567
   9.475   9.463   9.565   9.836 -88.888 -88.888 -88.888 -88.888 -88.888
 -88.888 -88.888
1985.000  11.000  49.000 184.000   4.862   0.000
   5.663   6.592   7.164   7.381   7.404   7.411   7.460   7.529   7.595
   7.645   7.682   7.713   7.746   7.787   7.839   7.899   7.964   8.029
   8.091   8.237   8.317   8.452   8.653   8.972   9.240   9.472   9.552
   9.539   9.542   9.591   9.671   9.774   9.889  10.009  10.123  10.219
  10.286  10.324  10.331  10.307  10.252  10.168  10.060   9.932   9.792
   9.650   9.514   9.397   9.312 -88.888 -88.888 -88.888 -88.888 -88.888
 -88.888 -88.888
1985.000  12.000  49.000 186.000   5.604   0.000
   5.193   6.237   6.895   7.169   7.228   7.256   7.297   7.344   7.386
   7.419   7.446   7.470   7.496   7.526   7.562   7.603   7.645   7.687
   7.727   7.819   7.877   8.017   8.215   8.387   8.557   8.791   8.886
   8.902   8.940   9.015   9.114   9.231   9.357   9.484   9.602   9.702
   9.775   9.821   9.838   9.824   9.781   9.708   9.609   9.486   9.346
   9.195   9.041   8.891   8.755 -88.888 -88.888 -88.888 -88.888 -88.888
 -88.888 -88.888
1986.000   1.000  49.000 188.000   4.535   0.000
   6.384   6.805   7.064   7.163   7.187   7.216   7.268   7.324   7.371
   7.404   7.429   7.454   7.483   7.518   7.561   7.607   7.654   7.700
   7.743   7.847   7.916   8.041   8.191   8.458   8.658   8.808   8.931
   9.043   9.159   9.280   9.401   9.517   9.623   9.712   9.776   9.806
   9.796   9.748   9.666   9.557   9.427   9.285   9.143   9.010   8.901
   8.829   8.812   8.874   9.049 -88.888 -88.888 -88.888 -88.888 -88.888
 -88.888 -88.888
1986.000   2.000  49.000 189.000   5.030   0.000
   6.514   6.887   7.116   7.200   7.204   7.202   7.219   7.246   7.272
   7.292   7.304   7.315   7.327   7.344   7.365   7.391   7.420   7.451
   7.482   7.572   7.648   7.735   7.760   7.898   8.017   8.032   8.030
   8.041   8.073   8.124   8.189   8.261   8.336   8.408   8.472   8.521
   8.551   8.563   8.556   8.534   8.497   8.448   8.390   8.327   8.265
   8.207   8.161   8.134   8.136 -88.888 -88.888 -88.888 -88.888 -88.888
 -88.888 -88.888
1986.000   3.000  49.000 190.000   6.525   0.000
   6.734   6.579   6.490   6.464   6.466   6.471   6.474   6.487   6.516
   6.561   6.616   6.671   6.723   6.768   6.803   6.829   6.848   6.862
   6.873   6.899   6.923   6.983   7.062   7.240   7.319   7.306   7.315
   7.354   7.396   7.434   7.469   7.503   7.537   7.573   7.613   7.659
   7.711   7.767   7.823   7.875   7.918   7.949   7.960   7.945   7.898
   7.811   7.679   7.497   7.264 -88.888 -88.888 -88.888 -88.888 -88.888
 -88.888 -88.888
1986.000   4.000  49.000 191.000   6.811   0.000
   5.816   5.981   6.100   6.178   6.233   6.273   6.304   6.332   6.361
   6.392   6.425   6.459   6.493   6.528   6.563   6.599   6.634   6.669
   6.705   6.812   6.912   7.032   7.073   7.223   7.315   7.303   7.318
   7.369   7.425   7.475   7.523   7.570   7.618   7.670   7.729   7.796
   7.872   7.952   8.032   8.106   8.167   8.208   8.219   8.190   8.111
   7.972   7.765   7.490   7.150 -88.888 -88.888 -88.888 -88.888 -88.888
 -88.888 -88.888
1986.000   5.000  49.000 191.000   7.576   0.300
   6.111   6.234   6.339   6.426   6.497   6.553   6.595   6.632   6.670
   6.714   6.764   6.816   6.870   6.924   6.978   7.030   7.081   7.129
   7.175   7.294   7.388   7.565   7.764   7.981   8.022   8.056   8.095
   8.135   8.174   8.212   8.252   8.296   8.348   8.411   8.486   8.578
   8.687   8.804   8.921   9.027   9.111   9.159   9.158   9.091   8.946
   8.710   8.379   7.954   7.444 -88.888 -88.888 -88.888 -88.888 -88.888
 -88.888 -88.888
1986.000   6.000  49.000 191.000   8.275   0.000
   5.956   6.006   6.057   6.108   6.150   6.169   6.173   6.179   6.198
   6.235   6.287   6.346   6.407   6.467   6.522   6.571   6.615   6.654
   6.691   6.783   6.859   7.002   7.145   7.297   7.372   7.456   7.483
   7.470   7.468   7.492   7.537   7.602   7.684   7.784   7.901   8.037
   8.190   8.353   8.518   8.672   8.802   8.886   8.902   8.823   8.628
   8.304   7.854   7.297   6.665 -88.888 -88.888 -88.888 -88.888 -88.888
 -88.888 -88.888
1986.000   7.000  49.000 192.000   8.834   0.000
   5.084   5.499   5.765   5.884   5.918   5.930   5.943   5.963   5.992
   6.032   6.079   6.128   6.178   6.227   6.273   6.316   6.356   6.394
   6.430   6.528   6.615   6.764   6.888   7.096   7.215   7.265   7.331
   7.425   7.530   7.639   7.751   7.866   7.983   8.100   8.217   8.332
   8.441   8.541   8.625   8.686   8.717   8.706   8.646   8.526   8.340
   8.084   7.759   7.375   6.942 -88.888 -88.888 -88.888 -88.888 -88.888
 -88.888 -88.888
1986.000   8.000  49.000 191.000   7.086   0.000
   4.369   4.859   5.149   5.242   5.234   5.231   5.262   5.310   5.357
   5.396   5.427   5.455   5.485   5.521   5.563   5.615   5.672   5.731
   5.788   5.923   5.988   6.083   6.247   6.505   6.648   6.778   6.929
   7.087   7.227   7.347   7.453   7.547   7.633   7.714   7.792   7.868
   7.942   8.010   8.068   8.112   8.134   8.128   8.088   8.006   7.875
   7.692   7.454   7.163   6.825 -88.888 -88.888 -88.888 -88.888 -88.888
 -88.888 -88.888
1986.000   9.000  49.000 193.000   6.623   0.390
   5.136   5.202   5.263   5.321   5.384   5.455   5.530   5.598   5.656
   5.701   5.739   5.778   5.821   5.870   5.929   5.994   6.063   6.131
   6.195   6.345   6.441   6.604   6.789   7.072   7.249   7.382   7.507
   7.630   7.748   7.861   7.971   8.077   8.179   8.277   8.370   8.458
   8.538   8.606   8.659   8.694   8.706   8.691   8.644   8.560   8.437
   8.270   8.057   7.799   7.495 -88.888 -88.888 -88.888 -88.888 -88.888
 -88.888 -88.888
1986.000  10.000  49.000 194.000   5.586   0.000
   4.649   5.033   5.242   5.301   5.323   5.358   5.413   5.472   5.525
   5.571   5.613   5.653   5.695   5.740   5.788   5.838   5.888   5.936
   5.983   6.106   6.203   6.363   6.508   6.758   6.927   7.049   7.190
   7.346   7.497   7.642   7.781   7.911   8.032   8.139   8.230   8.298
   8.342   8.363   8.358   8.329   8.275   8.197   8.097   7.977   7.839
   7.687   7.525   7.358   7.190 -88.888 -88.888 -88.888 -88.888 -88.888
 -88.888 -88.888
1986.000  11.000  49.000 195.000   5.949   0.000
   5.065   5.241   5.371   5.456   5.507   5.540   5.561   5.577   5.593
   5.613   5.637   5.666   5.701   5.740   5.785   5.834   5.886   5.936
   5.984   6.088   6.133   6.220   6.401   6.595   6.741   7.002   7.123
   7.147   7.195   7.283   7.400   7.538   7.689   7.848   8.006   8.154
   8.285   8.395   8.479   8.533   8.552   8.529   8.458   8.335   8.157
   7.925   7.642   7.314   6.951 -88.888 -88.888 -88.888 -88.888 -88.888
 -88.888 -88.888
1986.000  12.000  49.000 194.000   5.316   0.000
   4.075   4.998   5.574   5.803   5.811   5.778   5.766   5.773   5.793
   5.824   5.862   5.904   5.946   5.986   6.022   6.053   6.082   6.111
   6.140   6.242   6.369   6.591   6.697   6.703   6.812   7.068   7.178
   7.198   7.245   7.329   7.442   7.575   7.722   7.878   8.035   8.187
   8.326   8.449   8.550   8.624   8.664   8.661   8.608   8.497   8.323
   8.083   7.782   7.425   7.024 -88.888 -88.888 -88.888 -88.888 -88.888
 -88.888 -88.888
1987.000   1.000  49.000 195.000   3.746   0.000
   5.233   5.510   5.666   5.705   5.701   5.707   5.737   5.776   5.811
   5.837   5.853   5.866   5.879   5.897   5.921   5.953   5.991   6.030
   6.070   6.175   6.250   6.362   6.460   6.633   6.785   6.915   7.023
   7.124   7.232   7.347   7.465   7.586   7.707   7.826   7.940   8.046
   8.141   8.221   8.283   8.324   8.339   8.322   8.270   8.177   8.039
   7.856   7.628   7.358   7.050 -88.888 -88.888 -88.888 -88.888 -88.888
 -88.888 -88.888
1987.000   2.000  49.000 194.000   4.011   0.000
   5.439   5.489   5.527   5.554   5.578   5.607   5.646   5.689   5.733
   5.775   5.814   5.851   5.889   5.929   5.971   6.015   6.061   6.106
   6.148   6.242   6.286   6.356   6.479   6.641   6.757   6.899   7.000
   7.083   7.174   7.274   7.380   7.490   7.601   7.712   7.819   7.920
   8.011   8.090   8.153   8.198   8.220   8.213   8.174   8.098   7.980
   7.818   7.613   7.364   7.077 -88.888 -88.888 -88.888 -88.888 -88.888
 -88.888 -88.888
1987.000   3.000  49.000 193.000   3.116   0.000
   4.867   5.201   5.456   5.630   5.743   5.816   5.863   5.897   5.930
   5.966   6.008   6.055   6.105   6.157   6.210   6.261   6.311   6.357
   6.398   6.483   6.518   6.586   6.722   6.889   7.013   7.191   7.318
   7.414   7.509   7.604   7.699   7.794   7.887   7.977   8.061   8.139
   8.207   8.265   8.309   8.338   8.348   8.337   8.302   8.240   8.148
   8.025   7.870   7.684   7.469 -88.888 -88.888 -88.888 -88.888 -88.888
 -88.888 -88.888
1987.000   4.000  49.000 194.000   3.431   0.340
   4.654   4.984   5.283   5.549   5.777   5.961   6.102   6.216   6.314
   6.403   6.488   6.568   6.644   6.717   6.786   6.852   6.913   6.969
   7.020   7.134   7.205   7.339   7.500   7.710   7.860   8.011   8.114
   8.194   8.274   8.355   8.434   8.512   8.588   8.662   8.731   8.794
   8.851   8.900   8.939   8.967   8.980   8.976   8.954   8.910   8.843
   8.748   8.626   8.474   8.291 -88.888 -88.888 -88.888 -88.888 -88.888
 -88.888 -88.888
1987.000   5.000  49.000 195.000   4.504   0.070
   5.682   5.597   5.633   5.788   5.994   6.168   6.280   6.357   6.433
   6.527   6.646   6.778   6.911   7.038   7.153   7.251   7.333   7.401
   7.457   7.571   7.632   7.732   7.882   8.022   8.089   8.232   8.311
   8.358   8.416   8.484   8.559   8.637   8.715   8.789   8.855   8.910
   8.950   8.975   8.984   8.977   8.953   8.913   8.857   8.786   8.702
   8.606   8.502   8.392   8.280 -88.888 -88.888 -88.888 -88.888 -88.888
 -88.888 -88.888
1987.000   6.000  49.000 196.000   3.877   0.000
   5.187   5.397   5.596   5.782   5.944   6.067   6.151   6.221   6.296
   6.384   6.489   6.603   6.717   6.825   6.922   7.006   7.076   7.136
   7.186   7.297   7.369   7.510   7.687   7.859   7.960   8.130   8.218
   8.267   8.329   8.403   8.484   8.570   8.658   8.743   8.822   8.892
   8.949   8.991   9.017   9.023   9.007   8.968   8.904   8.814   8.696
   8.553   8.385   8.195   7.987 -88.888 -88.888 -88.888 -88.888 -88.888
 -88.888 -88.888
1987.000   7.000  49.000 196.000   2.625   0.040
   5.103   5.546   5.869   6.073   6.207   6.328   6.451   6.568   6.671
   6.755   6.822   6.879   6.930   6.978   7.025   7.071   7.116   7.160
   7.203   7.325   7.439   7.655   7.842   8.019   8.158   8.344   8.465
   8.558   8.654   8.752   8.849   8.944   9.033   9.113   9.181   9.231
   9.262   9.273   9.265   9.238   9.193   9.132   9.057   8.972   8.880
   8.787   8.698   8.620   8.559 -88.888 -88.888 -88.888 -88.888 -88.888
 -88.888 -88.888
1987.000   8.000  49.000 197.000   2.291   0.050
   5.323   5.805   6.137   6.321   6.431   6.536   6.655   6.778   6.892
   6.994   7.083   7.162   7.232   7.296   7.353   7.405   7.453   7.498
   7.540   7.658   7.770   7.977   8.152   8.295   8.427   8.637   8.781
   8.883   8.973   9.057   9.133   9.203   9.265   9.320   9.366   9.404
   9.431   9.448   9.453   9.445   9.424   9.389   9.340   9.278   9.204
   9.119   9.028   8.932   8.835 -88.888 -88.888 -88.888 -88.888 -88.888
 -88.888 -88.888
1987.000   9.000  49.000 195.000   3.286   0.100
   6.499   6.484   6.566   6.738   6.936   7.101   7.230   7.341   7.445
   7.550   7.653   7.751   7.843   7.926   8.001   8.066   8.124   8.176
   8.224   8.345   8.447   8.650   8.846   8.975   9.083   9.294   9.421
   9.502   9.577   9.648   9.712   9.771   9.822   9.865   9.898   9.920
   9.930   9.927   9.913   9.887   9.851   9.806   9.754   9.698   9.642
   9.590   9.549   9.525   9.526 -88.888 -88.888 -88.888 -88.888 -88.888
 -88.888 -88.888
1987.000  10.000  49.000 199.000   5.152   0.110
   3.568   4.364   4.968   5.385   5.693   5.951   6.180   6.375   6.532
   6.650   6.743   6.825   6.906   6.992   7.085   7.178   7.269   7.353
   7.427   7.574   7.634   7.806   8.081   8.245   8.414   8.686   8.808
   8.869   8.927   8.982   9.033   9.081   9.125   9.163   9.196   9.222
   9.241   9.252   9.254   9.247   9.230   9.202   9.165   9.117   9.059
   8.993   8.920   8.841   8.760 -88.888 -88.888 -88.888 -88.888 -88.888
 -88.888 -88.888
1987.000  11.000  49.000 199.000   3.900   0.050
   2.532   3.800   4.763   5.426   5.867   6.166   6.362   6.502   6.618
   6.726   6.834   6.936   7.032   7.120   7.199   7.270   7.332   7.388
   7.437   7.554   7.637   7.815   8.047   8.260   8.442   8.701   8.839
   8.925   9.001   9.069   9.129   9.182   9.227   9.264   9.293   9.313
   9.324   9.324   9.314   9.292   9.259   9.214   9.159   9.094   9.022
   8.944   8.864   8.786   8.712 -88.888 -88.888 -88.888 -88.888 -88.888
 -88.888 -88.888
1987.000  12.000  49.000 199.000   2.890   0.000
   2.049   3.880   5.133   5.808   6.091   6.265   6.428   6.582   6.725
   6.854   6.969   7.071   7.161   7.240   7.308   7.366   7.417   7.463
   7.504   7.607   7.695   7.850   7.992   8.178   8.365   8.555   8.683
   8.782   8.868   8.942   9.005   9.060   9.105   9.141   9.170   9.190
   9.201   9.204   9.195   9.176   9.145   9.103   9.051   8.989   8.920
   8.847   8.771   8.698   8.633 -88.888 -88.888 -88.888 -88.888 -88.888
 -88.888 -88.888
1988.000   1.000  49.000 198.000   3.244   0.000
   4.012   4.930   5.533   5.825   5.945   6.042   6.164   6.292   6.409
   6.505   6.579   6.639   6.689   6.735   6.779   6.824   6.869   6.913
   6.954   7.060   7.138   7.264   7.380   7.551   7.744   7.939   8.059
   8.152   8.238   8.319   8.393   8.461   8.520   8.570   8.608   8.634
   8.646   8.645   8.630   8.603   8.564   8.516   8.459   8.396   8.332
   8.269   8.213   8.168   8.141 -88.888 -88.888 -88.888 -88.888 -88.888
 -88.888 -88.888
1988.000   2.000  49.000 202.000   2.704   0.000
   4.854   5.267   5.555   5.717   5.815   5.914   6.035   6.160   6.276
   6.373   6.454   6.521   6.580   6.634   6.683   6.729   6.773   6.814
   6.853   6.953   7.033   7.157   7.256   7.418   7.600   7.787   7.933
   8.055   8.162   8.257   8.342   8.417   8.483   8.539   8.585   8.619
   8.642   8.652   8.649   8.633   8.604   8.561   8.506   8.440   8.364
   8.281   8.193   8.104   8.017 -88.888 -88.888 -88.888 -88.888 -88.888
 -88.888 -88.888
1988.000   3.000  49.000 199.000   3.552   0.050
   5.680   5.730   5.792   5.867   5.963   6.088   6.235   6.380   6.508
   6.611   6.691   6.757   6.814   6.866   6.918   6.968   7.017   7.064
   7.108   7.218   7.302   7.455   7.612   7.816   8.028   8.248   8.375
   8.474   8.570   8.663   8.751   8.834   8.910   8.976   9.030   9.069
   9.094   9.104   9.098   9.077   9.042   8.993   8.933   8.863   8.786
   8.706   8.626   8.553   8.490 -88.888 -88.888 -88.888 -88.888 -88.888
 -88.888 -88.888
1988.000   4.000  49.000 199.000   2.564   0.040
   5.577   5.768   5.939   6.092   6.238   6.385   6.534   6.673   6.790
   6.882   6.954   7.015   7.071   7.128   7.187   7.250   7.312   7.372
   7.428   7.558   7.637   7.760   7.905   8.114   8.297   8.490   8.632
   8.749   8.855   8.952   9.039   9.117   9.186   9.245   9.292   9.327
   9.349   9.358   9.353   9.334   9.302   9.258   9.203   9.140   9.071
   9.001   8.934   8.876   8.832 -88.888 -88.888 -88.888 -88.888 -88.888
 -88.888 -88.888
1988.000   5.000  49.000 200.000   2.321   0.000
   5.660   6.083   6.406   6.630   6.794   6.935   7.066   7.185   7.288
   7.376   7.450   7.515   7.575   7.632   7.688   7.745   7.800   7.853
   7.902   8.018   8.084   8.175   8.299   8.483   8.627   8.806   8.938
   9.039   9.125   9.200   9.265   9.321   9.370   9.413   9.451   9.486
   9.517   9.541   9.557   9.562   9.554   9.531   9.492   9.435   9.360
   9.265   9.152   9.023   8.879 -88.888 -88.888 -88.888 -88.888 -88.888
 -88.888 -88.888
1988.000   6.000  49.000 200.000   2.627   0.000
   5.544   6.128   6.517   6.710   6.784   6.854   6.953   7.061   7.163
   7.252   7.324   7.384   7.437   7.487   7.538   7.589   7.640   7.689
   7.734   7.838   7.890   7.957   8.056   8.192   8.321   8.484   8.591
   8.673   8.748   8.819   8.884   8.945   9.001   9.052   9.100   9.143
   9.179   9.208   9.227   9.233   9.225   9.201   9.157   9.094   9.009
   8.903   8.775   8.627   8.461 -88.888 -88.888 -88.888 -88.888 -88.888
 -88.888 -88.888
1988.000   7.000  49.000 200.000   2.762   0.000
   6.052   6.524   6.853   7.041   7.148   7.239   7.336   7.432   7.522
   7.603   7.674   7.739   7.800   7.859   7.915   7.970   8.023   8.073
   8.118   8.219   8.271   8.328   8.392   8.497   8.625   8.780   8.895
   8.985   9.061   9.125   9.180   9.228   9.270   9.307   9.343   9.378
   9.412   9.441   9.464   9.478   9.482   9.473   9.449   9.408   9.348
   9.268   9.168   9.048   8.909 -88.888 -88.888 -88.888 -88.888 -88.888
 -88.888 -88.888
1988.000   8.000  49.000 203.000   3.159   0.000
   8.028   7.544   7.326   7.368   7.535   7.693   7.805   7.887   7.955
   8.017   8.078   8.136   8.192   8.245   8.296   8.344   8.388   8.427
   8.462   8.533   8.559   8.587   8.645   8.747   8.834   8.928   9.009
   9.075   9.129   9.173   9.208   9.237   9.262   9.284   9.308   9.333
   9.360   9.385   9.406   9.422   9.430   9.428   9.413   9.385   9.341
   9.280   9.201   9.103   8.987 -88.888 -88.888 -88.888 -88.888 -88.888
 -88.888 -88.888
1988.000   9.000  49.000 201.000   2.454   0.000
   6.788   7.073   7.293   7.447   7.561   7.656   7.739   7.810   7.870
   7.919   7.961   7.998   8.034   8.069   8.105   8.141   8.176   8.207
   8.233   8.276   8.279   8.287   8.343   8.421   8.496   8.587   8.656
   8.715   8.770   8.822   8.869   8.913   8.953   8.992   9.028   9.062
   9.093   9.119   9.138   9.148   9.148   9.136   9.111   9.071   9.015
   8.943   8.855   8.752   8.635 -88.888 -88.888 -88.888 -88.888 -88.888
 -88.888 -88.888
1988.000  10.000  49.000 201.000   2.601   0.000
   6.405   6.957   7.319   7.499   7.590   7.657   7.720   7.777   7.822
   7.854   7.879   7.899   7.919   7.941   7.966   7.992   8.018   8.041
   8.060   8.089   8.080   8.064   8.103   8.181   8.256   8.340   8.413
   8.478   8.536   8.590   8.638   8.681   8.720   8.753   8.782   8.807
   8.826   8.838   8.842   8.837   8.824   8.800   8.767   8.725   8.673
   8.614   8.550   8.481   8.412 -88.888 -88.888 -88.888 -88.888 -88.888
 -88.888 -88.888
1988.000  11.000  49.000 204.000   3.610   0.000
   6.115   7.084   7.716   8.013   8.116   8.173   8.235   8.300   8.358
   8.403   8.438   8.467   8.492   8.517   8.543   8.570   8.598   8.624
   8.646   8.677   8.658   8.614   8.666   8.739   8.762   8.813   8.852
   8.884   8.914   8.941   8.964   8.985   9.003   9.019   9.034   9.048
   9.061   9.071   9.076   9.075   9.067   9.052   9.028   8.996   8.955
   8.907   8.851   8.789   8.724 -88.888 -88.888 -88.888 -88.888 -88.888
 -88.888 -88.888
1988.000  12.000  49.000 201.000   2.908   0.020
   6.104   7.196   7.924   8.281   8.391   8.457   8.547   8.644   8.730
   8.794   8.833   8.857   8.873   8.889   8.907   8.927   8.949   8.968
   8.983   8.990   8.951   8.893   8.952   8.986   8.989   9.032   9.022
   8.995   8.975   8.960   8.948   8.937   8.927   8.918   8.910   8.904
   8.898   8.890   8.880   8.867   8.850   8.829   8.803   8.773   8.739
   8.702   8.663   8.624   8.587 -88.888 -88.888 -88.888 -88.888 -88.888
 -88.888 -88.888
1989.000   1.000  49.000 203.000   8.336   0.040
   7.665   8.066   8.346   8.506   8.592   8.647   8.688   8.722   8.754
   8.786   8.818   8.849   8.879   8.908   8.935   8.959   8.979   8.994
   9.004   8.991   8.929   8.842   8.900   8.937   8.899   8.886   8.857
   8.828   8.808   8.793   8.780   8.769   8.759   8.751   8.744   8.739
   8.734   8.728   8.720   8.709   8.694   8.674   8.649   8.619   8.584
   8.543   8.499   8.451   8.400 -88.888 -88.888 -88.888 -88.888 -88.888
 -88.888 -88.888
1989.000   2.000  49.000 205.000   3.541   0.010
   7.128   8.075   8.664   8.894   8.918   8.917   8.956   9.019   9.088
   9.150   9.203   9.246   9.283   9.313   9.338   9.357   9.371   9.381
   9.385   9.371   9.322   9.242   9.266   9.270   9.225   9.214   9.169
   9.116   9.078   9.056   9.044   9.040   9.039   9.041   9.044   9.046
   9.046   9.043   9.035   9.021   9.001   8.974   8.940   8.899   8.851
   8.797   8.739   8.679   8.619 -88.888 -88.888 -88.888 -88.888 -88.888
 -88.888 -88.888
1989.000   3.000  49.000 202.000   4.389   0.000
   9.213   9.043   8.991   9.053   9.158   9.238   9.279   9.305   9.329
   9.360   9.402   9.447   9.490   9.526   9.552   9.569   9.576   9.577
   9.571   9.524   9.454   9.368   9.417   9.391   9.282   9.229   9.160
   9.089   9.036   9.000   8.977   8.961   8.952   8.948   8.946   8.947
   8.948   8.948   8.945   8.939   8.928   8.911   8.887   8.857   8.820
   8.776   8.725   8.669   8.609 -88.888 -88.888 -88.888 -88.888 -88.888
 -88.888 -88.888
1989.000   4.000  49.000 204.000   2.669   0.000
   8.704   8.630   8.613   8.650   8.714   8.771   8.814   8.850   8.885
   8.922   8.962   9.001   9.038   9.070   9.096   9.115   9.128   9.136
   9.138   9.120   9.076   9.007   9.019   8.992   8.954   8.955   8.924
   8.887   8.863   8.854   8.852   8.857   8.864   8.872   8.880   8.885
   8.887   8.885   8.877   8.862   8.841   8.812   8.776   8.733   8.684
   8.629   8.572   8.514   8.458 -88.888 -88.888 -88.888 -88.888 -88.888
 -88.888 -88.888
1989.000   5.000  49.000 204.000   3.019   0.000
   8.176   8.519   8.716   8.769   8.743   8.702   8.670   8.651   8.648
   8.662   8.689   8.718   8.746   8.767   8.778   8.777   8.766   8.747
   8.725   8.655   8.605   8.573   8.608   8.601   8.555   8.535   8.504
   8.476   8.465   8.470   8.486   8.509   8.534   8.558   8.579   8.595
   8.605   8.607   8.602   8.590   8.569   8.540   8.503   8.460   8.411
   8.359   8.305   8.253   8.205 -88.888 -88.888 -88.888 -88.888 -88.888
 -88.888 -88.888
1989.000   6.000  49.000 204.000   3.189   0.000
   8.312   8.254   8.203   8.157   8.116   8.076   8.038   8.008   7.991
   7.990   8.005   8.027   8.050   8.067   8.076   8.074   8.063   8.046
   8.026   7.957   7.899   7.867   7.928   7.961   7.955   7.985   7.997
   8.001   8.008   8.019   8.030   8.042   8.053   8.063   8.071   8.076
   8.077   8.074   8.066   8.052   8.031   8.003   7.968   7.927   7.879
   7.824   7.765   7.701   7.636 -88.888 -88.888 -88.888 -88.888 -88.888
 -88.888 -88.888
1989.000   7.000  49.000 202.000   2.900   0.000
   7.807   7.934   7.966   7.902   7.798   7.704   7.635   7.591   7.569
   7.567   7.585   7.610   7.633   7.647   7.646   7.627   7.595   7.555
   7.513   7.408   7.372   7.410   7.463   7.454   7.479   7.566   7.629
   7.680   7.732   7.785   7.838   7.887   7.933   7.971   8.001   8.021
   8.031   8.031   8.022   8.004   7.977   7.943   7.902   7.855   7.806
   7.755   7.707   7.664   7.630 -88.888 -88.888 -88.888 -88.888 -88.888
 -88.888 -88.888
1989.000   8.000  49.000 208.000   4.386   0.040
   6.634   7.501   8.000   8.133   8.085   8.038   8.049   8.096   8.148
   8.187   8.213   8.229   8.237   8.241   8.242   8.241   8.239   8.236
   8.232   8.215   8.196   8.190   8.235   8.207   8.173   8.191   8.178
   8.157   8.149   8.156   8.172   8.195   8.221   8.246   8.270   8.289
   8.302   8.310   8.310   8.302   8.286   8.261   8.226   8.182   8.128
   8.064   7.992   7.911   7.825 -88.888 -88.888 -88.888 -88.888 -88.888
 -88.888 -88.888
1989.000   9.000  49.000 205.000   2.869   0.040
   6.859   7.588   8.014   8.139   8.117   8.115   8.178   8.262   8.333
   8.372   8.380   8.370   8.352   8.332   8.315   8.302   8.292   8.284
   8.278   8.261   8.247   8.259   8.323   8.279   8.242   8.274   8.254
   8.217   8.194   8.193   8.206   8.228   8.254   8.282   8.307   8.327
   8.341   8.348   8.348   8.339   8.322   8.295   8.259   8.212   8.156
   8.092   8.018   7.938   7.853 -88.888 -88.888 -88.888 -88.888 -88.888
 -88.888 -88.888
1989.000  10.000  49.000 207.000   2.866   0.000
   7.593   7.842   7.954   7.936   7.867   7.812   7.787   7.782   7.784
   7.789   7.794   7.796   7.797   7.795   7.791   7.784   7.776   7.766
   7.757   7.731   7.716   7.732   7.785   7.760   7.770   7.824   7.837
   7.837   7.846   7.867   7.893   7.923   7.954   7.981   8.004   8.020
   8.029   8.030   8.024   8.009   7.986   7.955   7.916   7.870   7.818
   7.761   7.701   7.639   7.580 -88.888 -88.888 -88.888 -88.888 -88.888
 -88.888 -88.888
1989.000  11.000  49.000 205.000   3.489   0.000
   8.160   7.938   7.800   7.745   7.729   7.705   7.656   7.598   7.553
   7.536   7.549   7.579   7.613   7.642   7.660   7.661   7.650   7.632
   7.611   7.566   7.574   7.644   7.678   7.669   7.694   7.736   7.755
   7.768   7.789   7.820   7.858   7.897   7.936   7.970   7.998   8.017
   8.027   8.028   8.020   8.002   7.975   7.940   7.896   7.845   7.789
   7.728   7.665   7.603   7.545 -88.888 -88.888 -88.888 -88.888 -88.888
 -88.888 -88.888
1989.000  12.000  49.000 209.000   3.036   0.000
   5.207   6.651   7.507   7.789   7.784   7.731   7.700   7.687   7.687
   7.696   7.711   7.728   7.742   7.754   7.760   7.762   7.761   7.757
   7.752   7.737   7.728   7.758   7.819   7.747   7.787   7.867   7.883
   7.880   7.889   7.915   7.949   7.988   8.028   8.063   8.090   8.107
   8.115   8.113   8.101   8.079   8.047   8.006   7.957   7.901   7.839
   7.774   7.708   7.645   7.586 -88.888 -88.888 -88.888 -88.888 -88.888
 -88.888 -88.888
1990.000   1.000  49.000 202.000   2.955   0.030
   7.250   7.627   7.843   7.901   7.890   7.893   7.930   7.975   8.007
   8.017   8.013   8.004   7.998   8.000   8.011   8.030   8.052   8.075
   8.098   8.145   8.159   8.171   8.199   8.238   8.246   8.251   8.264
   8.286   8.319   8.359   8.402   8.446   8.486   8.522   8.549   8.567
   8.575   8.573   8.560   8.537   8.504   8.461   8.409   8.350   8.286
   8.218   8.150   8.084   8.025 -88.888 -88.888 -88.888 -88.888 -88.888
 -88.888 -88.888
1990.000   2.000  49.000 202.000   2.535   0.000
   7.431   7.740   7.922   7.977   7.962   7.946   7.951   7.965   7.980
   7.990   7.995   8.000   8.009   8.024   8.047   8.077   8.112   8.147
   8.180   8.253   8.273   8.271   8.307   8.362   8.392   8.408   8.411
   8.414   8.429   8.459   8.498   8.542   8.587   8.628   8.661   8.684
   8.696   8.697   8.686   8.662   8.627   8.580   8.522   8.456   8.382
   8.304   8.224   8.146   8.074 -88.888 -88.888 -88.888 -88.888 -88.888
 -88.888 -88.888
1990.000   3.000  49.000 204.000   2.171   0.010
   8.274   8.083   7.987   7.983   8.022   8.055   8.071   8.080   8.092
   8.114   8.146   8.184   8.224   8.266   8.307   8.345   8.381   8.413
   8.441   8.494   8.502   8.494   8.524   8.547   8.550   8.545   8.530
   8.521   8.527   8.549   8.581   8.619   8.659   8.697   8.729   8.754
   8.770   8.776   8.772   8.757   8.730   8.691   8.640   8.578   8.505
   8.423   8.334   8.241   8.146 -88.888 -88.888 -88.888 -88.888 -88.888
 -88.888 -88.888
1990.000   4.000  49.000 203.000   2.033   0.050
   7.467   7.666   7.840   7.988   8.103   8.176   8.214   8.241   8.270
   8.311   8.361   8.416   8.471   8.525   8.575   8.620   8.660   8.696
   8.726   8.785   8.808   8.824   8.857   8.890   8.906   8.913   8.906
   8.901   8.906   8.924   8.950   8.980   9.011   9.040   9.066   9.086
   9.099   9.104   9.101   9.088   9.065   9.030   8.985   8.930   8.864
   8.789   8.708   8.621   8.532 -88.888 -88.888 -88.888 -88.888 -88.888
 -88.888 -88.888
1990.000   5.000  49.000 206.000   3.076   0.000
   7.370   7.652   7.842   7.938   7.972   7.978   7.969   7.962   7.964
   7.983   8.015   8.054   8.094   8.135   8.171   8.203   8.229   8.251
   8.269   8.306   8.327   8.355   8.394   8.454   8.483   8.492   8.488
   8.483   8.487   8.506   8.535   8.571   8.608   8.643   8.672   8.693
   8.706   8.709   8.701   8.683   8.653   8.613   8.562   8.502   8.433
   8.359   8.280   8.201   8.124 -88.888 -88.888 -88.888 -88.888 -88.888
 -88.888 -88.888
1990.000   6.000  49.000 206.000   1.706   0.000
   7.230   7.613   7.845   7.925   7.919   7.894   7.876   7.867   7.868
   7.880   7.903   7.932   7.963   7.993   8.019   8.040   8.055   8.067
   8.075   8.092   8.107   8.141   8.177   8.230   8.284   8.320   8.331
   8.333   8.340   8.359   8.385   8.416   8.448   8.478   8.502   8.520
   8.529   8.530   8.522   8.504   8.477   8.439   8.391   8.335   8.271
   8.201   8.127   8.051   7.977 -88.888 -88.888 -88.888 -88.888 -88.888
 -88.888 -88.888
1990.000   7.000  49.000 210.000   2.911   0.000
   7.526   7.596   7.633   7.636   7.621   7.597   7.573   7.555   7.548
   7.557   7.580   7.610   7.641   7.672   7.698   7.718   7.734   7.746
   7.757   7.780   7.801   7.843   7.886   7.971   8.054   8.121   8.172
   8.215   8.259   8.306   8.354   8.400   8.444   8.481   8.511   8.533
   8.546   8.549   8.543   8.526   8.499   8.462   8.416   8.362   8.302
   8.238   8.173   8.109   8.050 -88.888 -88.888 -88.888 -88.888 -88.888
 -88.888 -88.888
1990.000   8.000  49.000 209.000   3.384   0.000
   7.603   7.537   7.511   7.526   7.559   7.581   7.584   7.582   7.587
   7.604   7.640   7.687   7.740   7.791   7.836   7.873   7.902   7.923
   7.940   7.976   8.005   8.071   8.159   8.332   8.467   8.565   8.638
   8.699   8.760   8.827   8.898   8.971   9.040   9.104   9.157   9.198
   9.224   9.236   9.233   9.215   9.181   9.132   9.069   8.994   8.911
   8.821   8.731   8.644   8.567 -88.888 -88.888 -88.888 -88.888 -88.888
 -88.888 -88.888
1990.000   9.000  49.000 209.000   3.132   0.000
   6.493   6.959   7.250   7.368   7.383   7.389   7.415   7.455   7.499
   7.544   7.586   7.626   7.663   7.698   7.731   7.761   7.788   7.813
   7.836   7.885   7.910   7.964   8.066   8.253   8.405   8.525   8.606
   8.668   8.726   8.787   8.851   8.916   8.977   9.032   9.079   9.114
   9.138   9.149   9.147   9.131   9.102   9.060   9.006   8.942   8.870
   8.794   8.717   8.644   8.582 -88.888 -88.888 -88.888 -88.888 -88.888
 -88.888 -88.888
1990.000  10.000  49.000 211.000   3.167   0.000
   5.869   6.709   7.179   7.298   7.269   7.244   7.263   7.297   7.323
   7.331   7.332   7.337   7.352   7.384   7.430   7.481   7.532   7.576
   7.610   7.643   7.640   7.730   7.847   8.015   8.178   8.312   8.416
   8.501   8.576   8.645   8.713   8.776   8.834   8.886   8.930   8.963
   8.986   8.997   8.996   8.981   8.954   8.914   8.862   8.799   8.727
   8.648   8.566   8.485   8.408 -88.888 -88.888 -88.888 -88.888 -88.888
 -88.888 -88.888
1990.000  11.000  49.000 211.000   3.194   0.000
   6.139   6.659   7.005   7.178   7.238   7.254   7.251   7.243   7.235
   7.233   7.239   7.251   7.269   7.295   7.327   7.363   7.398   7.430
   7.458   7.499   7.501   7.526   7.619   7.790   7.873   8.029   8.148
   8.219   8.269   8.316   8.370   8.428   8.485   8.539   8.585   8.621
   8.646   8.660   8.662   8.652   8.630   8.595   8.549   8.493   8.428
   8.357   8.281   8.206   8.134 -88.888 -88.888 -88.888 -88.888 -88.888
 -88.888 -88.888
1990.000  12.000  49.000 211.000   3.376   0.000
   4.980   5.867   6.413   6.621   6.644   6.635   6.641   6.659   6.687
   6.721   6.760   6.801   6.842   6.884   6.924   6.963   6.998   7.028
   7.054   7.099   7.122   7.208   7.334   7.507   7.651   7.842   7.963
   8.023   8.060   8.103   8.162   8.230   8.302   8.371   8.429   8.473
   8.502   8.516   8.515   8.499   8.469   8.425   8.369   8.303   8.229
   8.150   8.069   7.992   7.923 -88.888 -88.888 -88.888 -88.888 -88.888
 -88.888 -88.888
1991.000   1.000  49.000 211.000   3.580   0.000
   5.543   5.953   6.208   6.308   6.326   6.331   6.345   6.367   6.391
   6.417   6.447   6.484   6.531   6.591   6.659   6.728   6.794   6.852
   6.899   6.961   6.976   7.069   7.199   7.422   7.597   7.745   7.854
   7.934   8.002   8.069   8.140   8.210   8.277   8.337   8.386   8.423
   8.447   8.457   8.454   8.438   8.409   8.368   8.315   8.253   8.184
   8.111   8.036   7.964   7.898 -88.888 -88.888 -88.888 -88.888 -88.888
 -88.888 -88.888
1991.000   2.000  49.000 209.000   3.437   0.000
   5.220   5.677   5.997   6.178   6.225   6.206   6.186   6.188   6.208
   6.244   6.294   6.358   6.431   6.508   6.583   6.653   6.714   6.765
   6.806   6.892   6.954   7.066   7.189   7.430   7.623   7.765   7.863
   7.936   8.001   8.069   8.142   8.216   8.287   8.352   8.407   8.450
   8.479   8.495   8.498   8.486   8.460   8.420   8.366   8.301   8.224
   8.140   8.049   7.956   7.863 -88.888 -88.888 -88.888 -88.888 -88.888
 -88.888 -88.888
